camera_first:
  D: [-0.021457533890526646, 0.40815112865815095, -0.0003568844801646356, 0.00027995905433074854, 0.0]
  K: [3076.6927444233465, 0.0, 625.392491867241, 0.0, 3077.906575945815, 529.7134101181683, 0.0, 0.0, 1.0]
  R: [0.9974357123928433, -0.0127199426054599, -0.07042870653004264, 0.012821591744637935, 0.9999173085408525, 0.0009913957591679175, 0.07041027218037789, -0.0018918616575400345, 0.9975163228894823]
  P: [3232.650160517786, 0.0, 834.111888885498, 0.0, 0.0, 3232.650160517786, 528.1900253295898, 0.0, 0.0, 0.0, 1.0, 0.0]
camera_second:
  D: [-0.07810362080471529, 1.2730642810091781, -0.0010037837936908483, -0.0003498670859658355, 0.0]
  K: [3093.167043503981, 0.0, 632.771159765613, 0.0, 3092.046506806961, 524.4428180095093, 0.0, 0.0, 1.0]
  R: [0.998227564764078, -0.01750501414878181, -0.05687972771409158, 0.01742290747025977, 0.9998463292120962, -0.0019391380505973958, 0.056904931600530145, 0.0009446908210929966, 0.9983791545894735]
  P: [3232.650160517786, 0.0, 834.111888885498, -292.2868598445386, 0.0, 3232.650160517786, 528.1900253295898, 0.0, 0.0, 0.0, 1.0, 0.0]
  self_T: [-0.73025684371253445, 0.0015827526527838554, 0.005142900152146811]
  self_R: [0.9998979033196189, 0.004616413155409661, -0.013523005087946583, -0.004573988879563446, 0.9999845260111481, 0.0031664434290122148, 0.013537413444218155, -0.003104266070758968, 0.9999035463330462]
radar_angle:
  pitch: 0.000000
  yaw: 0.000000
  row: 0.000000
radar_T:
  T_x: 0.000000
  T_y: 0.000000
  T_z: 0.000000


